0.000000000000000000e+00 0.000000000000000000e+00 0.000000000000000000e+00 0.000000000000000000e+00
6.993981278757315234e-01 1.085697149952094875e+00 1.500000000000000000e+00 1.000000000000000000e+00
1.101555773446515563e+00 -3.391633815480716851e-01 -3.986650866809147153e-01 2.000000000000000000e+00
6.400230368382404667e-01 -3.537896181316603772e-01 -1.231232369735450138e+00 3.000000000000000000e+00
2.414147801255006609e-01 -8.159223172677261271e-01 6.272664667055678489e-01 4.000000000000000000e+00
-1.596713712785855055e+00 -2.436889205964000382e+00 -1.934423039057944216e+00 5.000000000000000000e+00
-2.453367047805433021e+00 1.387278328470982647e+00 5.080644624816774702e-01 6.000000000000000000e+00
1.165843434790545530e+00 4.824152003653209952e+00 5.770476411125994076e+00 7.000000000000000000e+00
3.792163857936772686e+00 -2.373691627663214732e-01 -9.521252377416322688e-01 8.000000000000000000e+00
1.179883161371427569e+00 -3.976598929064047994e+00 -6.628945184526576107e+00 9.000000000000000000e+00
-1.537938673917523147e+00 -1.158116099276825572e+00 2.875711371244134007e-01 1.000000000000000000e+01
INPUTS: m=1_c=0.1_k=2_a=1, 2, 1.5_w=0.05, 1, 2_h=1_T=10